         0      1      2      3      4      5      6      7      8      9    10     No
1      0.0    0.0    4.0   33.0   99.0  192.0  205.0  220.0  152.0   78.0  28.0  193.0
2      0.0    2.0   12.0   57.0  154.0  203.0  256.0  213.0  111.0   34.0   3.0  159.0
3      0.0    0.0   10.0   70.0  179.0  210.0  210.0  192.0  125.0   51.0   9.0  148.0
4      0.0    0.0    0.0    0.0    7.0   28.0   97.0  195.0  274.0  167.0  39.0  397.0
5     62.0  102.0  132.0  120.0  129.0  120.0   98.0   83.0   64.0   28.0   9.0  257.0
6      0.0    1.0   14.0   61.0  235.0  430.0  191.0   17.0    3.0    3.0   0.0  249.0
7    487.0  426.0  172.0   66.0   19.0    5.0    0.0    0.0    0.0    0.0   0.0   29.0
8      0.0    0.0  141.0  257.0  318.0  288.0   30.0    1.0    0.0    0.0   0.0  169.0
9     20.0  136.0  342.0  358.0  234.0   71.0    0.0    0.0    1.0    1.0   0.0   41.0
10  1103.0   42.0   31.0    1.0    4.0    0.0    0.0    0.0    0.0    0.0   0.0   23.0
11   987.0  143.0   30.0   16.0    3.0    2.0    0.0    0.0    0.0    0.0   0.0   23.0
12   853.0  268.0   45.0   11.0    0.0    0.0    0.0    0.0    0.0    0.0   0.0   27.0
13  1041.0   98.0   20.0   16.0    0.0    1.0    1.0    0.0    0.0    0.0   0.0   27.0
14   815.0  291.0   57.0   12.0    4.0    1.0    0.0    1.0    0.0    0.0   0.0   23.0
15    17.0   50.0   65.0   83.0  116.0   95.0   50.0   16.0    6.0    0.0   0.0  706.0

    min  max      mean  median  n_samples
1     2   10  6.361029       6     1011.0
2     1   10  5.817225       6     1045.0
3     2   10  5.822917       6     1056.0
4     4   10  7.682776       8      807.0
5     0   10  4.081309       4      947.0
6     1    9  4.835602       5      955.0
7     0    5  0.909787       1     1175.0
8     2    7  3.818357       4     1035.0
9     0    9  2.753224       3     1163.0
10    0    4  0.104149       0     1181.0
11    0    5  0.231160       0     1181.0
12    0    3  0.332201       0     1177.0
13    0    6  0.167375       0     1177.0
14    0    7  0.397121       0     1181.0
15    0    8  3.670683       4      498.0